nan
nan
nan
nan
nan
nan
nan
nan
nan
-0.064767
nan
nan
125.000000
125.000000
nan
125.000000
nan
125.000000
nan
125.000000
nan
125.000000
nan
125.000000
nan
125.000000
nan
125.000000
nan
125.000000
125.000000
125.000000
125.000000
nan
125.000000
nan
125.000000
nan
125.000000
nan
125.000000
nan
125.000000
nan
125.000000
nan
125.000000
nan
125.000000
nan
124.999939
nan
125.000000
nan
125.000000
nan
125.000000
nan
125.000000
nan
125.000000
125.000015
nan
125.000000
112.500000
nan
125.000000
nan
125.000000
nan
125.000000
nan
125.000000
nan
125.000000
nan
125.000000
nan
125.000000
nan
125.000000
nan
125.000000
nan
125.000000
nan
125.000000
125.000000
nan
125.000000
nan
125.000000
nan
125.000000
nan
125.000000
nan
125.000000
nan
125.000000
nan
125.000000
nan
125.000000
nan
nan
125.000000
125.000000
nan
nan
125.000000
125.000000
nan
125.000000
nan
125.000000
nan
125.000000
nan
125.000000
nan
125.000000
nan
125.000000
nan
125.000000
nan
125.000000
nan
125.000000
nan
125.000000
nan
125.000000
nan
125.000000
nan
125.000000
nan
125.000000
nan
125.000000
nan
125.000000
nan
125.000000
nan
125.000000
125.000000
nan
125.000000
125.000000
125.000000
nan
125.000000
nan
125.000000
nan
nan
125.000000
nan
125.000000
125.000000
nan
125.000000
nan
125.000000
125.000000
nan
125.000000
nan
nan
125.000000
125.000000
nan
nan
125.000000
125.000000
nan
nan
125.000000
125.000000
nan
125.000000
nan
125.000000
nan
nan
125.000000
125.000000
nan
125.000000
nan
nan
125.000000
125.000000
nan
125.000000
nan
125.000000
